 class       xc       yc        x        y  # frame  id
     0 0.511198 0.398264 0.021354 0.025694        1   0
     0 0.511198 0.398264 0.021354 0.025694        2   1
     0 0.215365 0.423958 0.019271 0.021528        3   2
     0 0.565885 0.401389 0.022396 0.029167        3   0
     0 0.215365 0.423958 0.019271 0.021528        4   3
     0 0.565885 0.401389 0.022396 0.029167        4   1
     0 0.565885 0.401389 0.022396 0.029167        5   2
     0 0.215104 0.423958 0.018750 0.021528        5   4
     0 0.215104 0.423958 0.018750 0.021528        6   5
     0 0.565885 0.401389 0.022396 0.029167        6   3
     0 0.061198 0.223264 0.021354 0.025694        7   6
     0 0.620833 0.403125 0.019792 0.025694        7   0
     0 0.043490 0.342014 0.026562 0.036806        7   7
     0 0.043490 0.342014 0.026562 0.036806        8   8
     0 0.061198 0.223264 0.021354 0.025694        8   9
     0 0.620833 0.403125 0.019792 0.025694        8   1
     0 0.061198 0.223264 0.021354 0.025694        9  10
     0 0.620833 0.403819 0.019792 0.025694        9   2
     0 0.043490 0.342014 0.026562 0.036806        9  11
     0 0.061198 0.223264 0.021354 0.025694       10  12
     0 0.620833 0.403125 0.019792 0.025694       10   3
     0 0.043490 0.341667 0.026562 0.037500       10  13
     0 0.326042 0.432292 0.017708 0.021528       11   4
     0 0.097135 0.346181 0.027604 0.039583       11   7
     0 0.676302 0.406944 0.022396 0.027778       11   0
     0 0.111458 0.228125 0.022917 0.025694       11   6
     0 0.676302 0.407292 0.022396 0.028472       12   1
     0 0.326302 0.432292 0.018229 0.021528       12   4
     0 0.097135 0.346181 0.027604 0.039583       12   8
     0 0.111198 0.228472 0.022396 0.026389       12   9
     0 0.326042 0.432292 0.017708 0.021528       13   5
     0 0.110937 0.228125 0.022917 0.025694       13  10
     0 0.676302 0.407292 0.022396 0.028472       13   2
     0 0.097135 0.345833 0.027604 0.040278       13  11
     0 0.326302 0.432292 0.018229 0.021528       14   5
     0 0.111198 0.228472 0.023438 0.026389       14  12
     0 0.676302 0.407292 0.022396 0.028472       14   3
     0 0.097135 0.346181 0.027604 0.039583       14  13
     0 0.326302 0.432292 0.018229 0.021528       15  14
     0 0.111198 0.228125 0.023438 0.025694       15  10
     0 0.097135 0.345833 0.027604 0.040278       15  15
     0 0.676302 0.407292 0.022396 0.028472       15   4
     0 0.159896 0.231944 0.019792 0.025000       16   6
     0 0.150521 0.353819 0.027083 0.046528       16   7
     0 0.053125 0.597569 0.025000 0.032639       16  16
     0 0.731771 0.407292 0.028125 0.028472       16   0
     0 0.159896 0.231944 0.019792 0.025000       17   9
     0 0.150521 0.354514 0.027083 0.046528       17   8
     0 0.731771 0.407292 0.028125 0.028472       17   1
     0 0.052865 0.597569 0.024479 0.032639       17  17
     0 0.150521 0.353819 0.028125 0.046528       18  11
     0 0.159896 0.231944 0.019792 0.025000       18  10
     0 0.732031 0.407292 0.028646 0.028472       18   0
     0 0.053125 0.597569 0.025000 0.032639       18  17
     0 0.789844 0.410417 0.024479 0.027778       19   0
     0 0.107031 0.598958 0.021354 0.031250       19  16
     0 0.209115 0.235764 0.019271 0.025694       19   6
     0 0.431771 0.438194 0.019792 0.022222       19   5
     0 0.201823 0.351736 0.022396 0.035417       19   7
     0 0.789844 0.410417 0.024479 0.027778       20   1
     0 0.432031 0.437847 0.020313 0.022917       20  14
     0 0.201823 0.352083 0.022396 0.034722       20   8
     0 0.107031 0.599306 0.021354 0.030556       20  17
     0 0.209115 0.235764 0.019271 0.025694       20   9
     0 0.107031 0.599306 0.021354 0.030556       21  18
     0 0.431771 0.437500 0.019792 0.022222       21  19
     0 0.202083 0.352083 0.021875 0.034722       21   8
     0 0.789844 0.410417 0.024479 0.027778       21   2
     0 0.209115 0.235764 0.019271 0.025694       21  10
     0 0.789844 0.411458 0.024479 0.028472       22   3
     0 0.107031 0.599306 0.021354 0.030556       22  20
     0 0.432031 0.437847 0.020313 0.022917       22  21
     0 0.201823 0.352083 0.022396 0.034722       22  11
     0 0.209115 0.235764 0.019271 0.025694       22  12
     0 0.255990 0.238889 0.021354 0.025000       23   6
     0 0.160677 0.598958 0.019271 0.027083       23  16
     0 0.484375 0.438194 0.018750 0.026389       23   5
     0 0.847656 0.413889 0.027604 0.027778       23   0
     0 0.253125 0.355903 0.021875 0.032639       23   7
     0 0.847656 0.413889 0.027604 0.027778       24   1
     0 0.253125 0.355903 0.021875 0.032639       24   8
     0 0.255729 0.238889 0.020833 0.025000       24   9
     0 0.484115 0.438194 0.019271 0.026389       24  13
     0 0.160677 0.598958 0.019271 0.027083       24  17
     0 0.484115 0.437847 0.019271 0.025694       25  14
     0 0.255990 0.238542 0.021354 0.025694       25  10
     0 0.847656 0.413889 0.027604 0.027778       25   2
     0 0.252865 0.356250 0.021354 0.033333       25  11
     0 0.160677 0.598958 0.019271 0.027083       25  18
     0 0.484375 0.438194 0.018750 0.026389       26  13
     0 0.255729 0.238889 0.020833 0.025000       26  12
     0 0.252604 0.356250 0.021875 0.033333       26  15
     0 0.160677 0.598958 0.019271 0.027083       26  20
     0 0.847656 0.413889 0.027604 0.027778       26   3
     0 0.034375 0.356250 0.027083 0.037500       27  22
     0 0.210156 0.601389 0.018229 0.026389       27  16
     0 0.300781 0.242014 0.020313 0.024306       27   6
     0 0.905208 0.416319 0.025000 0.028472       27   0
     0 0.300781 0.361806 0.021354 0.031944       27   7
     0 0.300781 0.242014 0.020313 0.024306       28   9
     0 0.210156 0.601389 0.018229 0.026389       28  17
     0 0.034375 0.356250 0.027083 0.037500       28  23
     0 0.905208 0.416319 0.025000 0.028472       28   1
     0 0.300781 0.362153 0.021354 0.031250       28   8
     0 0.905208 0.416319 0.025000 0.028472       29   2
     0 0.300781 0.242014 0.020313 0.024306       29  10
     0 0.300781 0.362153 0.021354 0.031250       29  11
     0 0.210156 0.601389 0.018229 0.026389       29  18
     0 0.034115 0.356250 0.026562 0.037500       29  24
     0 0.034375 0.356250 0.027083 0.037500       30  24
     0 0.905208 0.416319 0.025000 0.028472       30   3
     0 0.300781 0.361458 0.021354 0.031250       30  15
     0 0.300521 0.242014 0.020833 0.024306       30  12
     0 0.210156 0.601389 0.018229 0.026389       30  20
     0 0.343490 0.246181 0.020313 0.022917       31   6
     0 0.591146 0.447917 0.021875 0.030556       31   5
     0 0.350000 0.364931 0.020833 0.032639       31   7
     0 0.963021 0.418056 0.022917 0.030556       31   0
     0 0.259115 0.604167 0.020313 0.030556       31  16
     0 0.098958 0.362847 0.029167 0.034028       31  22
     0 0.343490 0.246181 0.020313 0.022917       32   9
     0 0.591146 0.447917 0.021875 0.030556       32  13
     0 0.350000 0.364931 0.020833 0.032639       32   8
     0 0.259115 0.604167 0.020313 0.030556       32  17
     0 0.098958 0.362500 0.029167 0.033333       32  23
     0 0.962240 0.417708 0.023438 0.031250       32   1
     0 0.591146 0.447917 0.021875 0.030556       33  14
     0 0.098958 0.362847 0.029167 0.034028       33  24
     0 0.259115 0.604167 0.020313 0.030556       33  18
     0 0.962240 0.417708 0.023438 0.031250       33   2
     0 0.350000 0.364931 0.020833 0.032639       33  11
     0 0.343490 0.246181 0.020313 0.022917       33  10
     0 0.591146 0.447917 0.021875 0.030556       34  19
     0 0.350000 0.364931 0.020833 0.032639       34  15
     0 0.259115 0.604167 0.020313 0.030556       34  20
     0 0.962240 0.417708 0.023438 0.031250       34   3
     0 0.098958 0.362847 0.029167 0.034028       34  25
     0 0.343490 0.246181 0.020313 0.022917       34  12
     0 0.397917 0.365625 0.019792 0.029861       35   7
     0 0.307031 0.605208 0.018229 0.025694       35  16
     0 0.157552 0.367014 0.034896 0.035417       35  22
     0 0.307031 0.605208 0.018229 0.025694       36  17
     0 0.157552 0.367014 0.034896 0.035417       36  23
     0 0.397917 0.366319 0.019792 0.029861       36   8
     0 0.307031 0.604861 0.018229 0.025000       37  18
     0 0.397917 0.365972 0.019792 0.030556       37  11
     0 0.157813 0.366667 0.035417 0.034722       37  24
     0 0.397917 0.365972 0.019792 0.030556       38  15
     0 0.307031 0.605208 0.018229 0.025694       38  20
     0 0.157292 0.366319 0.035417 0.035417       38  25
     0 0.699740 0.452778 0.019271 0.023611       39   5
     0 0.353125 0.610764 0.019792 0.029861       39  16
     0 0.221615 0.371181 0.025521 0.031250       39  22
     0 0.353125 0.610764 0.019792 0.029861       40  17
     0 0.699740 0.452778 0.019271 0.023611       40  13
     0 0.221615 0.371181 0.025521 0.031250       40  23
     0 0.699740 0.452778 0.019271 0.023611       41  14
     0 0.221615 0.371181 0.025521 0.031250       41  24
     0 0.353125 0.610764 0.019792 0.029861       41  18
     0 0.699740 0.452778 0.019271 0.023611       42  19
     0 0.353125 0.610764 0.019792 0.029861       42  20
     0 0.221615 0.371181 0.025521 0.031250       42  25
     0 0.760938 0.455208 0.017708 0.025694       43   5
     0 0.279687 0.373264 0.026042 0.029861       43  22
     0 0.399740 0.612153 0.021354 0.028472       43  16
     0 0.279687 0.373264 0.026042 0.029861       44  23
     0 0.399479 0.612153 0.020833 0.028472       44  17
     0 0.760938 0.455556 0.017708 0.025000       44   7
     0 0.760938 0.455208 0.017708 0.024306       45   8
     0 0.279687 0.373611 0.026042 0.030556       45  24
     0 0.399479 0.612153 0.020833 0.028472       45  18
     0 0.492969 0.371528 0.021354 0.031944       46  11
     0 0.760938 0.454861 0.017708 0.025000       46  13
     0 0.399479 0.612153 0.020833 0.028472       46  20
     0 0.279687 0.373264 0.026042 0.029861       46  25
     0 0.336198 0.378819 0.025521 0.029861       47  22
     0 0.446615 0.613889 0.020313 0.027778       47  16
     0 0.823958 0.457292 0.020833 0.025694       47   5
     0 0.477865 0.605208 0.024479 0.038194       47  17
     0 0.477865 0.605208 0.024479 0.038194       48  20
     0 0.823958 0.457639 0.020833 0.025000       48   7
     0 0.336458 0.378819 0.026042 0.029861       48  22
     0 0.446615 0.613889 0.020313 0.027778       48  18
     0 0.446615 0.613889 0.020313 0.027778       49  26
     0 0.478125 0.604861 0.025000 0.038889       49  27
     0 0.823958 0.457639 0.020833 0.025000       49   8
     0 0.336198 0.378819 0.025521 0.029861       49  23
     0 0.336198 0.378819 0.025521 0.029861       50  24
     0 0.446615 0.613889 0.020313 0.027778       50  28
     0 0.823958 0.457639 0.020833 0.025000       50  11
     0 0.478125 0.604514 0.025000 0.038194       50  29
     0 0.889583 0.461111 0.021875 0.025000       51   5
     0 0.587240 0.379514 0.022396 0.036806       51  15
     0 0.491146 0.617014 0.022917 0.029861       51  16
     0 0.391927 0.381944 0.023438 0.029167       51  22
     0 0.391667 0.382292 0.023958 0.029861       52  23
     0 0.587240 0.379514 0.022396 0.036806       52  22
     0 0.889583 0.461111 0.021875 0.025000       52   7
     0 0.491146 0.617014 0.022917 0.029861       52  18
     0 0.391927 0.382292 0.023438 0.028472       53  23
     0 0.491146 0.617014 0.022917 0.029861       53  26
     0 0.889583 0.461111 0.021875 0.025000       53   8
     0 0.587240 0.379514 0.022396 0.036806       53  24
     0 0.889844 0.461111 0.022396 0.025000       54   5
     0 0.587240 0.379514 0.022396 0.036806       54  23
     0 0.491406 0.617014 0.023438 0.029861       54  16
     0 0.391927 0.382639 0.023438 0.029167       54  25
     0 0.587240 0.379514 0.022396 0.036806       55  25
     0 0.491146 0.617014 0.022917 0.029861       55  28
     0 0.391927 0.382292 0.023438 0.028472       55  30
     0 0.889844 0.461111 0.022396 0.025000       55   7
     0 0.633073 0.378472 0.021354 0.031944       56  15
     0 0.446875 0.384028 0.021875 0.027778       56  30
     0 0.953906 0.463889 0.021354 0.025000       56   5
     0 0.610937 0.260069 0.020833 0.024306       56  31
     0 0.539323 0.620833 0.023438 0.029167       56  16
     0 0.632812 0.378472 0.020833 0.031944       57  22
     0 0.610937 0.260069 0.020833 0.024306       57  32
     0 0.953906 0.463889 0.021354 0.025000       57   7
     0 0.447135 0.384028 0.021354 0.027778       57  30
     0 0.539323 0.621181 0.023438 0.029861       57  17
     0 0.447135 0.384028 0.021354 0.027778       58  33
     0 0.610937 0.260417 0.020833 0.025000       58  34
     0 0.632812 0.378472 0.020833 0.031944       58  23
     0 0.539323 0.620833 0.023438 0.029167       58  18
     0 0.953906 0.463889 0.021354 0.025000       58   8
     0 0.681510 0.379861 0.022396 0.034722       59  15
     0 0.500000 0.388194 0.019792 0.026389       59  30
     0 0.586198 0.624653 0.021354 0.027083       59  16
     0 0.586198 0.624653 0.021354 0.027083       60  17
     0 0.681510 0.379861 0.022396 0.034722       60  22
     0 0.500000 0.388194 0.019792 0.026389       60  33
     0 0.681510 0.379861 0.022396 0.034722       61  23
     0 0.500000 0.388194 0.019792 0.026389       61  35
     0 0.585938 0.624653 0.021875 0.027083       61  18
     0 0.500000 0.388194 0.019792 0.026389       62  36
     0 0.586198 0.624653 0.021354 0.027083       62  18
     0 0.681510 0.379861 0.022396 0.034722       62  24
     0 0.550260 0.390278 0.025521 0.029167       63  30
     0 0.633594 0.626736 0.021354 0.027083       63  16
     0 0.700521 0.264236 0.020833 0.025694       63  31
     0 0.730208 0.382639 0.023958 0.034722       63  15
     0 0.633854 0.626736 0.020833 0.027083       64  16
     0 0.700521 0.264236 0.020833 0.025694       64  32
     0 0.730208 0.382639 0.023958 0.034722       64  22
     0 0.550260 0.390278 0.025521 0.029167       64  33
     0 0.633594 0.626736 0.021354 0.027083       65  17
     0 0.730208 0.382639 0.023958 0.034722       65  23
     0 0.700781 0.264236 0.021354 0.025694       65  31
     0 0.550260 0.390278 0.025521 0.029167       65  35
     0 0.700521 0.264583 0.020833 0.026389       66  34
     0 0.730208 0.382639 0.023958 0.034722       66  24
     0 0.550260 0.390278 0.025521 0.029167       66  36
     0 0.633594 0.626736 0.021354 0.027083       66  18
     0 0.608073 0.393056 0.023438 0.030556       67  30
     0 0.685417 0.630556 0.021875 0.029167       67  16
     0 0.780469 0.384722 0.023438 0.034722       67  15
     0 0.608073 0.393056 0.023438 0.030556       68  33
     0 0.685417 0.630556 0.021875 0.029167       68  17
     0 0.780469 0.384722 0.023438 0.034722       68  22
     0 0.685417 0.630556 0.021875 0.029167       69  18
     0 0.780469 0.384375 0.023438 0.035417       69  23
     0 0.608073 0.392708 0.023438 0.029861       69  35
     0 0.780469 0.384375 0.023438 0.035417       70  24
     0 0.685417 0.630556 0.021875 0.029167       70  28
     0 0.608073 0.393056 0.023438 0.030556       70  36
     0 0.736198 0.635069 0.021354 0.029861       71  16
     0 0.791667 0.265625 0.020833 0.024306       71  31
     0 0.666146 0.396875 0.022917 0.031250       71  30
     0 0.831250 0.385764 0.025000 0.032639       71  15
     0 0.666146 0.396875 0.022917 0.031250       72  33
     0 0.791667 0.265625 0.020833 0.024306       72  32
     0 0.736198 0.635069 0.021354 0.029861       72  17
     0 0.831250 0.385764 0.025000 0.032639       72  22
     0 0.665885 0.396875 0.022396 0.031250       73  35
     0 0.736198 0.634722 0.021354 0.030556       73  18
     0 0.831250 0.385764 0.025000 0.032639       73  23
     0 0.791667 0.265625 0.020833 0.024306       73  34
     0 0.791667 0.265625 0.020833 0.024306       74  37
     0 0.666146 0.396875 0.022917 0.031250       74  35
     0 0.831510 0.385417 0.024479 0.033333       74  24
     0 0.736198 0.635069 0.021354 0.029861       74  28
     0 0.838281 0.266667 0.020313 0.025000       75  31
     0 0.788281 0.637847 0.020313 0.028472       75  16
     0 0.723437 0.397569 0.023958 0.027083       75  30
     0 0.883073 0.387847 0.021354 0.032639       75  15
     0 0.788281 0.637847 0.020313 0.028472       76  17
     0 0.723437 0.397569 0.023958 0.027083       76  33
     0 0.883073 0.387847 0.021354 0.032639       76  22
     0 0.838281 0.266667 0.020313 0.025000       76  32
     0 0.723437 0.397569 0.023958 0.027083       77  35
     0 0.788281 0.637847 0.020313 0.028472       77  18
     0 0.883073 0.387847 0.021354 0.032639       77  23
     0 0.838281 0.266667 0.020313 0.025000       77  34
     0 0.838542 0.266667 0.020833 0.025000       78  31
     0 0.882812 0.387847 0.021875 0.032639       78  24
     0 0.788281 0.637847 0.020313 0.028472       78  28
     0 0.723437 0.397569 0.023958 0.027083       78  36
     0 0.939583 0.389583 0.025000 0.037500       79  15
     0 0.783594 0.401042 0.023438 0.029861       79  30
     0 0.841927 0.642014 0.019271 0.027083       79  16
     0 0.841927 0.641667 0.019271 0.026389       80  17
     0 0.783594 0.401042 0.023438 0.029861       80  33
     0 0.939323 0.389583 0.025521 0.037500       80  22
     0 0.783594 0.401042 0.023438 0.029861       81  35
     0 0.841927 0.642014 0.019271 0.027083       81  18
     0 0.939323 0.389583 0.025521 0.037500       81  23
     0 0.939323 0.389583 0.025521 0.037500       82  24
     0 0.841927 0.642014 0.019271 0.027083       82  28
     0 0.783594 0.401042 0.023438 0.029861       82  36
     0 0.841406 0.404167 0.028646 0.031944       83  30
     0 0.932031 0.267361 0.022396 0.027778       83  31
     0 0.890365 0.647222 0.024479 0.030556       83  16
     0 0.890365 0.647222 0.024479 0.030556       84  17
     0 0.841406 0.404167 0.028646 0.031944       84  33
     0 0.931771 0.267361 0.022917 0.027778       84  32
     0 0.932031 0.267361 0.023438 0.027778       85  32
     0 0.890365 0.647222 0.024479 0.030556       85  18
     0 0.841667 0.404167 0.028125 0.031944       85  30
     0 0.841667 0.404167 0.028125 0.031944       86  33
     0 0.932292 0.267361 0.022917 0.027778       86  31
     0 0.890365 0.647222 0.024479 0.030556       86  28
     0 0.944792 0.651389 0.023958 0.030556       87  16
     0 0.900260 0.402778 0.025521 0.034722       87  30
     0 0.944531 0.651389 0.024479 0.030556       88  17
     0 0.900260 0.402778 0.025521 0.034722       88  33
     0 0.900260 0.402778 0.025521 0.034722       89  35
     0 0.944792 0.651389 0.023958 0.030556       89  17
     0 0.900260 0.402778 0.025521 0.034722       90  36
     0 0.944792 0.651389 0.023958 0.030556       90  18
     0 0.958333 0.407292 0.025000 0.031250       91  30
     0 0.958594 0.407292 0.024479 0.031250       92  30
     0 0.958594 0.407292 0.024479 0.031250       93  33
     0 0.958333 0.407292 0.025000 0.031250       94  35
     0 0.154687 0.824653 0.028125 0.036806      227  38
     0 0.154687 0.824653 0.028125 0.036806      228  39
     0 0.154687 0.824653 0.028125 0.036806      229  40
     0 0.154687 0.824653 0.028125 0.036806      230  41
     0 0.219010 0.825347 0.029687 0.036806      231  38
     0 0.219010 0.825347 0.029687 0.036806      232  39
     0 0.218750 0.825694 0.030208 0.037500      233  40
     0 0.218750 0.825694 0.030208 0.037500      234  41
     0 0.218750 0.825694 0.030208 0.037500      235  42
     0 0.279687 0.828472 0.034375 0.038889      236  38
     0 0.279687 0.828472 0.033333 0.038889      237  39
     0 0.279427 0.828472 0.033854 0.038889      238  40
     0 0.342708 0.828819 0.027083 0.035417      239  38
     0 0.342448 0.828819 0.027604 0.035417      240  39
     0 0.342448 0.828819 0.027604 0.035417      241  40
     0 0.342448 0.828819 0.027604 0.035417      242  41
     0 0.402083 0.830903 0.028125 0.035417      243  38
     0 0.402083 0.830556 0.028125 0.036111      244  39
     0 0.402083 0.830556 0.028125 0.036111      245  40
     0 0.402344 0.830556 0.028646 0.036111      246  39
     0 0.461719 0.832639 0.028646 0.037500      247  38
     0 0.461719 0.832639 0.028646 0.037500      248  39
     0 0.461979 0.832639 0.028125 0.037500      249  38
     0 0.461979 0.832639 0.028125 0.037500      250  39
     0 0.091406 0.473611 0.028646 0.033333      251  43
     0 0.521875 0.836111 0.028125 0.038889      251  38
     0 0.091406 0.473611 0.028646 0.033333      252  44
     0 0.521875 0.836111 0.028125 0.038889      252  39
     0 0.521875 0.836111 0.028125 0.038889      253  40
     0 0.091406 0.473611 0.028646 0.033333      253  45
     0 0.091406 0.473611 0.028646 0.033333      254  46
     0 0.521875 0.836111 0.028125 0.038889      254  41
     0 0.149219 0.476389 0.028646 0.033333      255  43
     0 0.580469 0.840972 0.030729 0.037500      255  38
     0 0.149219 0.476389 0.028646 0.033333      256  44
     0 0.580729 0.840972 0.030208 0.037500      256  38
     0 0.149219 0.476389 0.028646 0.033333      257  45
     0 0.580729 0.840972 0.030208 0.037500      257  39
     0 0.580469 0.840972 0.030729 0.037500      258  40
     0 0.149219 0.476389 0.028646 0.033333      258  46
     0 0.206250 0.480208 0.023958 0.031250      259  43
     0 0.060677 0.420139 0.027604 0.036111      259  47
     0 0.639844 0.847222 0.028646 0.037500      259  38
     0 0.639844 0.847222 0.028646 0.037500      260  39
     0 0.206250 0.480208 0.023958 0.031250      260  44
     0 0.060417 0.420139 0.027083 0.036111      260  48
     0 0.639844 0.847222 0.028646 0.037500      261  40
     0 0.060677 0.420139 0.027604 0.036111      261  48
     0 0.206250 0.480208 0.023958 0.031250      261  45
     0 0.639844 0.847222 0.028646 0.037500      262  41
     0 0.060677 0.420139 0.027604 0.036111      262  49
     0 0.206250 0.480208 0.023958 0.031250      262  46
     0 0.698958 0.852778 0.029167 0.038889      263  38
     0 0.261719 0.482292 0.024479 0.028472      263  43
     0 0.118229 0.423264 0.027083 0.035417      263  47
     0 0.698958 0.852778 0.029167 0.038889      264  39
     0 0.261719 0.482292 0.024479 0.028472      264  44
     0 0.118229 0.423264 0.027083 0.035417      264  48
     0 0.698958 0.852778 0.029167 0.038889      265  40
     0 0.261719 0.482292 0.024479 0.028472      265  45
     0 0.118229 0.423264 0.027083 0.035417      265  49
     0 0.698958 0.852778 0.029167 0.038889      266  41
     0 0.261719 0.482292 0.024479 0.028472      266  46
     0 0.118229 0.423264 0.027083 0.035417      266  50
     0 0.759375 0.858333 0.028125 0.036111      267  38
     0 0.316667 0.484375 0.023958 0.034028      267  43
     0 0.174479 0.428125 0.026042 0.035417      267  47
     0 0.759375 0.858333 0.028125 0.036111      268  39
     0 0.174479 0.428125 0.026042 0.035417      268  48
     0 0.316406 0.484375 0.023438 0.032639      268  44
     0 0.759375 0.858681 0.028125 0.036806      269  40
     0 0.174479 0.428125 0.026042 0.035417      269  49
     0 0.316406 0.484375 0.023438 0.032639      269  45
     0 0.759375 0.858333 0.028125 0.036111      270  41
     0 0.316667 0.484375 0.023958 0.032639      270  44
     0 0.174479 0.428125 0.026042 0.035417      270  50
     0 0.820573 0.866667 0.029687 0.038889      271  38
     0 0.368490 0.487847 0.025521 0.029861      271  43
     0 0.229167 0.430903 0.027083 0.034028      271  47
     0 0.229167 0.431250 0.027083 0.034722      272  48
     0 0.820833 0.866667 0.029167 0.038889      272  38
     0 0.368229 0.487847 0.025000 0.029861      272  44
     0 0.368490 0.487847 0.025521 0.029861      273  44
     0 0.821094 0.866667 0.029687 0.038889      273  38
     0 0.229167 0.430903 0.027083 0.034028      273  49
     0 0.229167 0.431250 0.027083 0.034722      274  50
     0 0.368490 0.487500 0.025521 0.030556      274  45
     0 0.821094 0.866667 0.029687 0.038889      274  39
     0 0.418750 0.491319 0.025000 0.029861      275  43
     0 0.280729 0.434028 0.025000 0.031944      275  47
     0 0.885938 0.869444 0.026042 0.030556      275  38
     0 0.088542 0.154167 0.022917 0.027778      275  51
     0 0.418490 0.491319 0.024479 0.029861      276  44
     0 0.885938 0.869097 0.026042 0.031250      276  39
     0 0.088542 0.154167 0.022917 0.027778      276  52
     0 0.280729 0.434028 0.025000 0.031944      276  48
     0 0.280729 0.434028 0.025000 0.031944      277  49
     0 0.418490 0.491319 0.024479 0.029861      277  45
     0 0.088542 0.154167 0.022917 0.027778      277  53
     0 0.885938 0.869097 0.026042 0.031250      277  40
     0 0.280729 0.434028 0.025000 0.031944      278  50
     0 0.886198 0.869097 0.026562 0.031250      278  39
     0 0.088542 0.154167 0.022917 0.027778      278  54
     0 0.418750 0.491319 0.025000 0.029861      278  44